9788549999
646-543-9168
718-633-3688
6465439168
9293371013
347-249-6585
3473796309
718-530-3326, 917-667-0918
6467039503
3479889338, 3472956008
347-732-5658
6465439168
718-321-3608
646-543-9168
718-539-2136
6462496815
71666688888
7327836289
646-675-1610
9176825434
3479254776
6464284085
718-539-2136
3473065643
917-3610001
15392080239
646-919-5050
347-219-0960
9176092812
3473065643
3476814993
9174851713
5107089998
917-929-8268
9178053888
9173610001
9292648555
9292649345
9173067187
3475866977
3474096827
6466737211
9178063888
7186870555
6467090478
718 8130239
6465439168
6464009707
7185517858
718-539-2136
6465313084
917 673 7380, 732 522 1373
6467642206
6466737211
6462491881
917-669-6375
6462571150
9172926462
3473695377
9299905961
9173067187
646-543-9168
9292458099
9033530477
9197205050
9788549999
7187670099
9176358233
646-543-9168
9172329451
9176092812
3474582587
718-530-3326, 917-667-0918
7181096158
3475422276
9172135756
7182685808
6462571150
3479889338, 3472956008
9179293824
9293371013
6467039503
6466997731
917 673 7380, 732 522 1373
7173339997
646-543-9168
6469446888
3474253737
