917-436-9760
3478635699
212-672-6486
6463547367
6464009707
9176071579
9178334691
917-330-3892
7183595888
6462800472
9176503032
9292581993
8082085126
9176092812
6463229376
8622542088
9177574357
9173883627
7327836289
551-556-5867
718-885-4197
3145032844
9292641051
917-436-9760
18621316476
9175777442
347-659-9805
646-543-9168
5515565867
9788549999
9179237768
917-436-9760
718-483-3894
631-231-8999
562-361-9653
7166668888
917-436-9760
718-845-3322
9175717442
7183620849
9176092812
917-340-8708
2123347418
6463969037
212-3883066
646-543-9168
917-864-6506
732-251-0883
9176092812
6266623877
7185130912
6317931871
6468127161
9292458099
9293959808
7189612833
6469918516
644-541-4321
9175777442
9172887733
6462800472
1111111111
2103677167
7189378888
7188867868
9175777442
9176229890
9177034110
718-879-3339
6462571150
9117572699
9177708641
6315659523
9172262858
9175631543, 3475420220
917 673 7380,732 522 1373
4083879397
71666688888
917-532-3638
718-939-8388
9179660750
9177572699
718-539-2136
7183598886
6466737211
13901990844
2064667995
917-436-9760
646-543-9168
470-885-7722
6466438509
2125035555
3478305278
91766028853
212-279-8900
64625711150
7188867868
9172092155
6317931871
917-328-7713
9176092812
718-496-7819
9178557891
6318051917
6462571150
6466737211
7184967819
(347)967-8281
7182290888
615-9976889
6173814478
9088427862
1111111111
718-483-3894
9176092812
9173883621
646 764 6463
6468868180
4585246465
4083879397
18688485564
9176503032
347-881-7575
7328032970
6263211738
9172948713
6467336033
3477892838
7166668888
6465251432
9294622787
6468127161
1111111111
917-757-1479
7276875291
9176396242
18621316476
9175777442
718-696-7117
9176092812
718-496-7819
9173797656
917-560-1101
917-400-5157
7327836289
516-808-8799
7182290888
9294277026
470-885-7722
2067085584
9175777442
3474762922
347-881-7575
9176358233
71861916176
212-796-7199
15662333564
6315659523
7188867868
7186286761
7189685558
6466438509
15152119658
9177572699
718-539-2136
9292669899
8328607281
6096518511
9172262858
6462800472
9294948860
718-393-8819
6463969037
9176092812
917-952-7088
7189612833
646-769-6579
9292961688
7183869088
347-484-7890
718-708-1458
347-689-4535
718-539-2136
(718) 762-5300
6096518511
718-539-2136
3479056123
2125420171
6463797641
6468751175
6462571150
6466438509
6468127161
347-732-5658
917-757-1479
9176503032
7188867868
6467642206
3478191819
9172856888
917-436-9760
9176055866
9173883625
3476814993
917-436-6326
9179223767
6173814478
7166668888
347-838-1938
929-257-1642
7188325288
7184145498
9179223767
718-886-1116
3472337536
9173883627
9294219987
917-436-9760
631-231-8999
6173814478
(347) 884-2610
347-838-1938
7188665670