9788549999
646-543-9168
718-633-3688
6465439168
9293311013
347-249-6585
3473796309
718-5332597-667918
6461039503
3479938342508
347-732-5658
6465439168
718-321-3608
646-543-9168
718-539-2136
6462496815
71666688888
7327836289
646-675-1610
9176825434
3479254778
6464284085
718-539-2136
3473065643
917-3610001
15992080239
646-919-5050
347-219-0660
9176092812
3473055643
3476814993
917485173
5107089998
917-929-8268
9178053888
9173610001
92926485555
9292549346
9173067187
3475866977
347496827
6466737211
9178063888
7186870555
6481090478
718 8130239
64655439168
6464009707
7185517888
718-539-2136
6465313084
91763 790 732521133
6467642206
6466737211
6462491881
917-669-6375
646237150
9172926462
347369537
9299005961
9173067187
646-543-9168
9292458099
9035530477
919720505150
9788549999
7187670099
9176358233
646-543-9168
91722941
9176092812
3474582587
718-5332597-667918
7181096158
34754222276
9172135756
7182685808
646257150
3479938342508
9179293824
9293311013
6464039503
6466997731
91763 790 732521133
7173339997
646-543-9168
6469446888
3474253737
