

718-63888


347-429-6585
34796309
71830-32697
6477095

347-735658
646449168
718-321-3608

718-539-2136

716666888
73278289

9176254334
3479254736

718-539-2136
3473065
917-3610001
1519208

341-219-0960
917609
347305643
3476814993
9174851713

917-929
9178053888



9173067187
3475869777
347406827
646637211

7186870
6477078
7188130239
64659168

718551778
718-539-2136

9176380032521333
64672206
6466737

917-669-6375
646211550






9035547


71870099
917658233


9176092812
347438257
71830-32697
718709158
347442276

71826808




647709503

9176380032521333
71733399


34742537
