978854999
646-543-9168
71833-3688
6465439168
92933371013
347-6585
3473737377996309

646467070395950303
34798938, 347296008
34732-5658
64665546543439198168168
718-321-3608
646-543-9168
718-2136
64624996815
7166888
7327836
646-1610
9176825434
3479254776
6466464284404085
718-2136

917-3610001

646-946-91919250-505050
3479-096
91766060922812
34730306565643
3476814993
917488551713
5107089998
917-929-8268
9178053888
9173610001
9292648555
9292649345
917303067187187
3475866977
34740096827
646637
9178063888
718605
646709090478
718 8130239
64655465439168
6464040009970707
7185517858
718-2136
64655113084

6464206
6466737211
6462491881
917-669-6375
64646466262257575711150
91726462
3473695377
92905961

646-543-9168
9292458099
90330477
919720505
978854999
71870099
9176233
646-543-9168
9172329451
9176092812
3474582587

7187096158
3475422276
9177272212355735756
718282828268268588588080808
6462571150
34798938, 347296008
9179293824
92933371013

6469931

7173339997
646-543-9168

3474253737
