9 788 5 49.999
646-543-9168
718-633-3688
6465439168
9293 371013
347-249-6585
3A7 3796309
718-530-3326, 917-667-0918
6 4670 395 03
3479889338, 3472956008
347-732-5658
6 465439168
712-321-3608
646-543-9168
718-539-2136
6 462A 96815
71666 68888
7 32 78 36 289
646-675-1610
9 1768 25434
3479 254 776
64642 84085
718-539-2136
3473065643
917-3610001
1539 20 80 239
646-919-5050
347-4219-0960
91 760 928 12
34 73065643
3476814993
917 48 517 13
5107 0899 98
917-929-8268
9 17 80 53888
9173610001
92.926485 55
92.926 49345
9173067 187
341 5866977
3 A 7409 6827
6A66737211
9178063888
7186870555
646 7090 478
718 8130239
646 5439 168
6464009707
7185517858
718-539-2136
646531 30 84
917 673 7380, 732 522 1373
6.46 76 42206
6.466737211
6462491881
917-669-6375
64625711.50
911 2926A62
3 47 36 95311
9299 905961
9173067187
646-543-9168
92 92 458099
9033530477
919 72050 50
97 88 5 49999
7187670099
91 76358233
646-543-9168
9 1723 29 451
91760 92812
3A 745825 87
718-530-3326, 917-667-0918
7181096158
347542 2276
9172135756
1 18 2688808
646257 7150
3479889338, 3472956008
9 17 92938 2A
92 93 37 1013
6 467 039 503
6466997731
917 673 7380, 732 522 1373
7173339997
646-543-9168
6 469 446888
3A 7 42 53 731
